EXPLAIN
TAG	EISPOT
TITLE	LABEL	Synthetic Randles + two-ZARC spectrum	synthetic, no real data
ZCURVE	TABLE	70
	Pt	Time	Freq	Zreal	Zimag	Zsig	Zmod	Zphz	Idc	Vdc	IERange
	#	s	Hz	ohm	ohm	V	ohm	deg	A	V	#
	0	0.0000	1.000000e+06	2.010720e+01	-3.205578e-01	0.0	2.010975e+01	-0.9134	0.0	0.0	3
	1	1.0000	7.656988e+05	2.007657e+01	-2.774424e-01	0.0	2.007849e+01	-0.7917	0.0	0.0	3
	2	2.0000	5.862947e+05	2.025888e+01	-3.178645e-01	0.0	2.026138e+01	-0.8989	0.0	0.0	3
	3	3.0000	4.489251e+05	2.018503e+01	-7.763328e-01	0.0	2.019995e+01	-2.2026	0.0	0.0	3
	4	4.0000	3.437414e+05	2.009866e+01	-4.480098e-01	0.0	2.010365e+01	-1.2769	0.0	0.0	3
	5	5.0000	2.632024e+05	2.033529e+01	-1.290600e+00	0.0	2.037621e+01	-3.6315	0.0	0.0	3
	6	6.0000	2.015338e+05	2.059786e+01	-1.415383e+00	0.0	2.064643e+01	-3.9309	0.0	0.0	3
	7	7.0000	1.543142e+05	2.061646e+01	-1.411317e+00	0.0	2.066471e+01	-3.9161	0.0	0.0	3
	8	8.0000	1.181582e+05	2.039371e+01	-1.994973e+00	0.0	2.049105e+01	-5.5871	0.0	0.0	3
	9	9.0000	9.047357e+04	2.042646e+01	-2.089132e+00	0.0	2.053301e+01	-5.8397	0.0	0.0	3
	10	10.0000	6.927551e+04	2.075623e+01	-3.090415e+00	0.0	2.098503e+01	-8.4686	0.0	0.0	3
	11	11.0000	5.304417e+04	2.115698e+01	-4.040557e+00	0.0	2.153935e+01	-10.8121	0.0	0.0	3
	12	12.0000	4.061586e+04	2.098092e+01	-4.945179e+00	0.0	2.155583e+01	-13.2625	0.0	0.0	3
	13	13.0000	3.109952e+04	2.190487e+01	-6.289573e+00	0.0	2.278995e+01	-16.0204	0.0	0.0	3
	14	14.0000	2.381286e+04	2.227967e+01	-7.787892e+00	0.0	2.360159e+01	-19.2672	0.0	0.0	3
	15	15.0000	1.823348e+04	2.323342e+01	-9.075729e+00	0.0	2.494315e+01	-21.3372	0.0	0.0	3
	16	16.0000	1.396135e+04	2.441549e+01	-1.117503e+01	0.0	2.685140e+01	-24.5937	0.0	0.0	3
	17	17.0000	1.069019e+04	2.602762e+01	-1.342116e+01	0.0	2.928420e+01	-27.2779	0.0	0.0	3
	18	18.0000	8.185467e+03	2.836790e+01	-1.689216e+01	0.0	3.301640e+01	-30.7724	0.0	0.0	3
	19	19.0000	6.267603e+03	3.144789e+01	-1.917684e+01	0.0	3.683369e+01	-31.3747	0.0	0.0	3
	20	20.0000	4.799096e+03	3.473079e+01	-2.324867e+01	0.0	4.179388e+01	-33.7982	0.0	0.0	3
	21	21.0000	3.674662e+03	4.017811e+01	-2.564479e+01	0.0	4.766483e+01	-32.5492	0.0	0.0	3
	22	22.0000	2.813684e+03	4.496880e+01	-2.948661e+01	0.0	5.377409e+01	-33.2534	0.0	0.0	3
	23	23.0000	2.154435e+03	5.225503e+01	-3.176984e+01	0.0	6.115481e+01	-31.2986	0.0	0.0	3
	24	24.0000	1.649648e+03	5.993950e+01	-3.210832e+01	0.0	6.799771e+01	-28.1770	0.0	0.0	3
	25	25.0000	1.263134e+03	6.677075e+01	-3.120533e+01	0.0	7.370282e+01	-25.0491	0.0	0.0	3
	26	26.0000	9.671799e+02	7.305533e+01	-3.036439e+01	0.0	7.911433e+01	-22.5695	0.0	0.0	3
	27	27.0000	7.405685e+02	7.900160e+01	-2.864693e+01	0.0	8.403511e+01	-19.9313	0.0	0.0	3
	28	28.0000	5.670524e+02	8.450498e+01	-2.652820e+01	0.0	8.857109e+01	-17.4284	0.0	0.0	3
	29	29.0000	4.341913e+02	8.923357e+01	-2.371805e+01	0.0	9.233187e+01	-14.8849	0.0	0.0	3
	30	30.0000	3.324598e+02	9.131102e+01	-1.923730e+01	0.0	9.331547e+01	-11.8970	0.0	0.0	3
	31	31.0000	2.545641e+02	9.458004e+01	-1.640928e+01	0.0	9.599296e+01	-9.8426	0.0	0.0	3
	32	32.0000	1.949194e+02	9.661022e+01	-1.564357e+01	0.0	9.786857e+01	-9.1978	0.0	0.0	3
	33	33.0000	1.492496e+02	9.891745e+01	-1.517815e+01	0.0	1.000752e+02	-8.7236	0.0	0.0	3
	34	34.0000	1.142802e+02	9.997563e+01	-1.237595e+01	0.0	1.007387e+02	-7.0567	0.0	0.0	3
	35	35.0000	8.750422e+01	1.013813e+02	-1.421378e+01	0.0	1.023728e+02	-7.9809	0.0	0.0	3
	36	36.0000	6.700188e+01	1.015827e+02	-1.380394e+01	0.0	1.025163e+02	-7.7384	0.0	0.0	3
	37	37.0000	5.130326e+01	1.034248e+02	-1.307951e+01	0.0	1.042486e+02	-7.2076	0.0	0.0	3
	38	38.0000	3.928284e+01	1.058483e+02	-1.727727e+01	0.0	1.072491e+02	-9.2705	0.0	0.0	3
	39	39.0000	3.007883e+01	1.083310e+02	-1.614590e+01	0.0	1.095276e+02	-8.4771	0.0	0.0	3
	40	40.0000	2.303132e+01	1.073778e+02	-1.939581e+01	0.0	1.091154e+02	-10.2390	0.0	0.0	3
	41	41.0000	1.763505e+01	1.129993e+02	-2.134016e+01	0.0	1.149967e+02	-10.6945	0.0	0.0	3
	42	42.0000	1.350314e+01	1.159791e+02	-2.476631e+01	0.0	1.185939e+02	-12.0540	0.0	0.0	3
	43	43.0000	1.033934e+01	1.192337e+02	-2.810119e+01	0.0	1.225004e+02	-13.2616	0.0	0.0	3
	44	44.0000	7.916819e+00	1.234224e+02	-3.149109e+01	0.0	1.273765e+02	-14.3136	0.0	0.0	3
	45	45.0000	6.061899e+00	1.285448e+02	-3.761252e+01	0.0	1.339346e+02	-16.3096	0.0	0.0	3
	46	46.0000	4.641589e+00	1.381078e+02	-3.874995e+01	0.0	1.434410e+02	-15.6729	0.0	0.0	3
	47	47.0000	3.554059e+00	1.472931e+02	-4.347695e+01	0.0	1.535757e+02	-16.4452	0.0	0.0	3
	48	48.0000	2.721339e+00	1.566551e+02	-4.629402e+01	0.0	1.633523e+02	-16.4632	0.0	0.0	3
	49	49.0000	2.083726e+00	1.663118e+02	-4.766018e+01	0.0	1.730061e+02	-15.9908	0.0	0.0	3
	50	50.0000	1.595506e+00	1.754959e+02	-4.889976e+01	0.0	1.821812e+02	-15.5698	0.0	0.0	3
	51	51.0000	1.221677e+00	1.833138e+02	-4.796115e+01	0.0	1.894841e+02	-14.6619	0.0	0.0	3
	52	52.0000	9.354369e-01	1.959335e+02	-4.734356e+01	0.0	2.015722e+02	-13.5840	0.0	0.0	3
	53	53.0000	7.162629e-01	2.067490e+02	-4.731654e+01	0.0	2.120943e+02	-12.8907	0.0	0.0	3
	54	54.0000	5.484417e-01	2.108631e+02	-4.068495e+01	0.0	2.147522e+02	-10.9207	0.0	0.0	3
	55	55.0000	4.199411e-01	2.216118e+02	-3.778892e+01	0.0	2.248106e+02	-9.6769	0.0	0.0	3
	56	56.0000	3.215484e-01	2.275716e+02	-3.491407e+01	0.0	2.302342e+02	-8.7223	0.0	0.0	3
	57	57.0000	2.462092e-01	2.329764e+02	-2.679769e+01	0.0	2.345126e+02	-6.5615	0.0	0.0	3
	58	58.0000	1.885221e-01	2.323805e+02	-2.478864e+01	0.0	2.336989e+02	-6.0889	0.0	0.0	3
	59	59.0000	1.443512e-01	2.366379e+02	-2.234079e+01	0.0	2.376902e+02	-5.3933	0.0	0.0	3
	60	60.0000	1.105295e-01	2.395726e+02	-1.925011e+01	0.0	2.403447e+02	-4.5940	0.0	0.0	3
	61	61.0000	8.463232e-02	2.396828e+02	-1.335485e+01	0.0	2.400546e+02	-3.1892	0.0	0.0	3
	62	62.0000	6.480286e-02	2.482738e+02	-1.079509e+01	0.0	2.485083e+02	-2.4897	0.0	0.0	3
	63	63.0000	4.961948e-02	2.439937e+02	-6.445307e+00	0.0	2.440788e+02	-1.5132	0.0	0.0	3
	64	64.0000	3.799357e-02	2.469615e+02	-8.057709e+00	0.0	2.470930e+02	-1.8687	0.0	0.0	3
	65	65.0000	2.909163e-02	2.462609e+02	-4.054987e+00	0.0	2.462943e+02	-0.9434	0.0	0.0	3
	66	66.0000	2.227543e-02	2.514165e+02	-1.994447e+00	0.0	2.514244e+02	-0.4545	0.0	0.0	3
	67	67.0000	1.705627e-02	2.512491e+02	-1.648323e+00	0.0	2.512545e+02	-0.3759	0.0	0.0	3
	68	68.0000	1.305997e-02	2.499312e+02	-9.577163e+00	0.0	2.501146e+02	-2.1945	0.0	0.0	3
	69	69.0000	1.000000e-02	2.431871e+02	1.331266e-02	0.0	2.431871e+02	0.0031	0.0	0.0	3
